77.20735753632663
83.95591231497002
100.8296594397675
84.05270719012512
38.18885613617933
60.200985934882624
54.92200302289513
83.02787906457226
52.73665976330944
44.24990293516331
42.295139154021236
40.928440740599875
41.96763313823803
46.37471984908496
71.62725093392466
49.57490023512722
38.890084444552016
34.814976505577455
60.50729199676093
54.066204726675196
77.94928524900882
81.0846574015487
71.83876884085888
95.66982435760411
81.17621092449002
43.19024323569305
79.967698519215
52.99694223142858
36.641692641599356
31.03441891539369
35.75147560489416
36.868106790612295
38.176325502772976
37.05508899466355
55.693795780661276
61.393054829014744
55.90396542879073
47.76302660774135
77.96663824978401
31.105336868430562
72.30824824159566
72.09086792967237
59.348056315787254
59.665751534858806
78.80295068571749
79.76467180442661
64.93765969892989
71.426113828385
71.39882424563459
71.56147686016051
69.39379956759754
74.1465570831965
47.70378287616153
